181 231
129 183
240 209
121 141
263 238
80 36
58 57
138 137
77 34
66 31
137 152
62 68
68 79
141 139
84 89
142 56
75 88
56 32
131 122
179 199
53 50
252 240
120 140
60 59
64 66
144 125
55 61
118 171
128 173
175 212
267 253
186 185
95 74
136 227
67 78
214 215
83 133
140 138
54 49
63 67
193 207
156 148
151 167
76 146
148 156
145 134
143 124
162 159
154 154
149 155
92 100
4 28
133 165
171 198
187 184
94 98
157 163
91 102
0 41
164 166
119 169
158 177
102 95
124 35
183 208
250 93
24 45
229 153
23 46
28 27
5 29
105 120
30 53
1 40
27 3
196 250
9 7
29 26
101 118
235 181
228 150
152 158
116 109
161 160
176 170
268 254
10 6
109 97
106 128
167 194
88 84
117 110
71 91
173 205
259 251
31 55
155 162
47 51
232 241
41 83
74 80
169 178
70 33
103 96
7 5
114 126
42 60
13 12
150 144
134 117
123 172
159 192
170 195
44 24
132 232
8 8
48 47
108 114
178 201
22 15
189 206
112 116
14 11
78 37
195 237
89 99
96 103
6 70
2 39
86 129
113 119
49 54
130 121
107 108
110 92
261 249
52 65
217 64
166 193
87 106
36 72
38 73
26 4
251 200
115 136
172 189
200 216
238 210
20 81
135 196
222 225
104 105
192 213
11 14
219 223
126 111
180 214
125 157
226 180
57 131
69 86
21 2
191 211
146 130
3 20
122 142
160 174
12 13
234 230
73 30
16 16
59 58
72 90
35 23
46 75
168 197
25 44
17 38
15 17
